CITY OF MELBOURNE
24PM - 24 Hour Pedestrian Monitor

Note: If a sensor returns a series of 0 readings it may have been temporarily inoperable
Note: N/A indicates no data due to; data not available at this time; sensor not being installed at this date; or sensor not in operation


Actual Hourly Pedestrian Counts for Friday 07 August 2020
Sensor,Midnight,1am,2am,3am,4am,5am,6am,7am,8am,9am,10am,11am,Noon,1pm,2pm,3pm,4pm,5pm,6pm,7pm,8pm,9pm,10pm,11pm
Bourke Street Mall (North),3,6,1,N/A,3,5,40,48,81,70,87,130,172,154,155,201,154,139,68,49,16,12,16,8
Bourke Street Mall (South),2,2,89,7,1,6,7,32,42,61,91,98,114,138,140,139,131,86,65,38,17,16,16,9
Melbourne Central,12,9,13,6,3,22,29,42,63,76,105,123,222,229,176,241,235,230,174,119,93,54,50,10
Town Hall (West),3,5,1,8,10,28,41,68,123,134,167,218,254,237,258,233,207,216,141,72,30,24,42,21
Princes Bridge,25,9,18,28,39,62,89,105,111,104,158,139,161,200,181,172,188,194,145,89,40,67,33,37
Flinders Street Station Underpass,11,27,2,1,8,61,177,215,178,206,249,173,196,240,246,266,225,222,185,100,70,65,32,15
Birrarung Marr,1,N/A,6,3,N/A,8,55,93,92,74,86,102,116,123,72,77,80,106,65,23,3,3,2,11
Webb Bridge,3,1,5,N/A,N/A,17,32,81,103,103,100,122,150,140,112,115,128,127,80,26,7,2,4,2
Southern Cross Station,4,1,2,N/A,2,28,103,58,90,57,43,46,64,45,84,73,92,90,30,21,8,8,20,3
Victoria Point,N/A,1,1,4,N/A,1,19,26,27,39,30,26,34,40,24,38,22,27,38,30,7,N/A,3,N/A
Waterfront City,N/A,N/A,1,N/A,3,2,11,34,25,34,22,17,36,31,36,34,61,55,41,8,1,N/A,N/A,1
New Quay,4,2,2,N/A,7,5,43,74,84,93,102,120,100,115,151,133,203,215,173,59,10,2,8,4
Flagstaff Station,N/A,N/A,N/A,N/A,N/A,N/A,N/A,N/A,N/A,N/A,N/A,N/A,N/A,N/A,N/A,N/A,N/A,N/A,N/A,N/A,N/A,N/A,N/A,N/A
Sandridge Bridge,N/A,N/A,N/A,N/A,N/A,N/A,N/A,N/A,N/A,N/A,N/A,N/A,1,N/A,N/A,N/A,1,N/A,N/A,N/A,N/A,1,N/A,N/A
State Library,N/A,N/A,N/A,N/A,N/A,N/A,N/A,N/A,N/A,N/A,N/A,N/A,N/A,N/A,N/A,N/A,N/A,N/A,N/A,N/A,N/A,N/A,N/A,N/A
Collins St (North),N/A,N/A,1,10,2,14,45,86,106,83,138,155,179,152,133,126,116,78,66,15,25,17,17,4
Collins Place (South),N/A,N/A,1,N/A,2,33,73,72,105,158,95,114,158,133,92,76,74,67,45,25,27,9,10,5
Collins Place (North),1,N/A,N/A,N/A,N/A,4,8,27,49,35,26,32,30,41,42,36,45,31,9,7,1,1,4,1
Chinatown-Swanston St (North),5,6,3,3,1,3,5,11,29,28,49,79,112,107,103,108,120,122,115,101,42,31,14,12
Chinatown-Lt Bourke St (South),2,2,1,N/A,N/A,4,12,12,18,31,26,51,49,49,59,54,37,59,41,22,8,11,3,N/A
Bourke St-Russell St (West),N/A,N/A,N/A,N/A,N/A,N/A,N/A,N/A,N/A,N/A,N/A,N/A,N/A,N/A,N/A,N/A,N/A,N/A,N/A,N/A,N/A,N/A,N/A,N/A
Flinders St-Elizabeth St (East),18,24,12,22,14,96,125,258,303,306,411,400,553,578,615,626,737,728,610,418,149,120,90,67
Spencer St-Collins St (South),1,2,5,9,N/A,8,45,45,67,26,61,58,60,67,74,57,82,65,55,54,33,28,7,2
Spencer St-Collins St (North),15,3,11,5,9,71,194,187,222,142,173,161,206,275,271,295,261,291,208,183,131,92,101,24
Melbourne Convention Exhibition Centre,4,12,4,2,7,23,127,133,201,130,161,184,200,223,191,224,214,238,183,96,28,25,21,12
QV Market-Elizabeth St (West),22,15,14,18,26,49,67,119,139,213,296,360,388,403,344,247,198,211,178,104,40,36,20,23
QV Market-Peel St,5,N/A,1,3,3,5,12,35,74,66,75,78,86,85,73,49,65,50,61,50,13,12,5,2
The Arts Centre,15,17,15,36,47,56,71,82,99,76,119,113,138,164,123,120,115,131,99,66,31,30,19,16
St Kilda Rd-Alexandra Gardens,1,3,N/A,N/A,N/A,3,30,43,40,34,44,46,68,60,52,53,55,66,39,18,3,3,3,3
Lonsdale St (South),2,N/A,1,5,N/A,12,30,32,31,37,66,87,85,90,89,76,78,101,81,69,29,34,15,9
Lygon St (West),11,6,9,3,6,16,20,37,27,37,62,80,53,96,77,117,111,73,80,42,20,27,11,14
City Square
Flinders St-Spring St (West),N/A,N/A,N/A,N/A,N/A,N/A,N/A,N/A,N/A,N/A,N/A,N/A,N/A,N/A,N/A,N/A,N/A,N/A,N/A,N/A,N/A,N/A,N/A,N/A
Flinders St-Spark La,1,N/A,N/A,N/A,1,6,14,28,26,28,44,29,38,29,33,27,24,27,25,3,3,6,N/A,N/A
Southbank,3,1,N/A,2,1,17,85,159,210,194,173,229,263,264,212,209,220,199,203,64,7,7,10,1
Queen St (West),N/A,1,N/A,5,N/A,10,17,32,59,45,74,66,74,62,59,76,62,35,51,10,10,14,5,3
Lygon St (East),1,N/A,N/A,N/A,5,10,12,17,42,25,35,42,68,66,60,71,61,47,40,20,10,9,3,N/A
Alfred Place,N/A,N/A,N/A,N/A,N/A,5,13,4,27,20,16,17,37,30,27,18,19,10,4,2,2,1,3,1
Lonsdale St-Spring St (West),N/A,N/A,1,N/A,N/A,7,12,48,46,49,38,45,64,60,80,44,50,60,46,31,9,12,7,6
Grattan St-Swanston St (West),1,1,1,N/A,3,3,33,66,28,23,33,32,62,37,26,36,44,53,34,10,5,N/A,3,1
Monash Rd-Swanston St (West),2,N/A,N/A,N/A,1,7,19,23,31,14,25,25,42,44,35,19,28,35,21,9,1,2,2,N/A
Tin Alley-Swanston St (West),2,N/A,N/A,2,N/A,5,10,12,12,12,14,23,30,25,25,17,18,26,14,9,N/A,N/A,N/A,N/A
Little Collins St-Swanston St (East),N/A,2,4,7,4,11,18,40,82,65,64,86,140,122,110,138,114,103,77,35,12,25,10,16
Flinders La-Swanston St (West),17,7,14,10,10,81,137,183,216,250,221,215,340,355,346,299,350,309,217,125,71,66,53,46
Pelham St (South),5,N/A,N/A,N/A,1,4,14,13,29,25,29,42,45,30,43,43,35,29,13,26,7,3,3,N/A
Melbourne Central-Elizabeth St (East),10,8,7,17,23,46,48,61,138,157,199,225,307,355,310,354,312,255,192,119,57,46,33,30
QVM-Queen St (East),3,4,7,1,5,12,14,58,60,85,82,123,119,130,134,85,82,93,50,53,16,11,6,2
QVM-Therry St (South),43,47,49,31,33,26,70,54,70,104,108,143,198,174,147,72,92,97,116,92,104,65,40,57
Faraday St-Lygon St (West),1,N/A,N/A,N/A,4,11,10,25,53,50,79,55,93,75,97,88,81,90,56,34,28,8,N/A,4
QVM-Franklin St (North),N/A,N/A,N/A,N/A,N/A,N/A,N/A,N/A,N/A,N/A,N/A,N/A,N/A,N/A,N/A,N/A,N/A,N/A,N/A,N/A,N/A,N/A,N/A,N/A
Elizabeth St-Lonsdale St (South),N/A,N/A,N/A,N/A,N/A,9,13,18,18,26,44,40,57,80,71,67,68,53,39,24,10,8,7,1
Lincoln-Swanston (W),N/A,N/A,N/A,N/A,N/A,N/A,N/A,N/A,N/A,N/A,N/A,N/A,N/A,N/A,N/A,N/A,N/A,N/A,N/A,N/A,N/A,N/A,N/A,N/A
Elizabeth St-La Trobe St (East)
Lonsdale St - Elizabeth St (North),4,N/A,1,N/A,2,11,67,44,34,74,86,81,83,81,100,94,84,67,64,39,7,7,9,6
Bourke St Bridge,1,N/A,N/A,15,8,7,43,40,46,20,34,64,63,56,54,48,69,61,39,21,6,6,3,4
Bourke St - Spencer St (North),7,3,13,7,4,32,89,123,159,108,95,87,114,142,122,147,165,204,125,75,20,29,34,9
RMIT Bld 80 - 445 Swanston Street,N/A,N/A,N/A,N/A,N/A,N/A,N/A,7,24,22,20,35,52,55,28,53,29,7,N/A,N/A,N/A,N/A,N/A,N/A
Flinders La-Swanston St (West) Temporary,N/A,N/A,N/A,N/A,N/A,N/A,N/A,N/A,N/A,N/A,N/A,N/A,N/A,N/A,N/A,N/A,N/A,N/A,N/A,N/A,N/A,N/A,N/A,N/A
RMIT Building 14,1,3,1,2,15,7,33,32,48,63,75,86,117,122,146,124,112,136,63,47,10,19,5,4
380 Elizabeth St,24,11,11,4,20,90,119,136,166,188,293,364,452,471,481,524,534,504,409,241,72,55,42,20
La Trobe St (North),N/A,N/A,N/A,N/A,N/A,N/A,N/A,N/A,N/A,N/A,N/A,N/A,N/A,N/A,N/A,N/A,N/A,N/A,N/A,N/A,N/A,N/A,N/A,N/A
231 Bourke St,5,3,6,1,1,5,12,53,52,68,64,75,100,140,102,64,95,92,74,31,25,11,22,9
Royal Pde - Grattan St,5,2,N/A,N/A,1,11,32,88,92,84,74,53,86,102,74,73,92,89,36,25,11,7,3,N/A
Swanston St - City Square,1,2,1,1,3,8,24,39,45,40,51,61,71,72,75,62,19,90,52,24,17,7,10,10
State Library - New,4,3,3,2,5,12,18,47,61,85,127,156,167,227,245,237,279,228,139,83,40,18,11,12
Flinders Ln - Degraves St (South),N/A,N/A,N/A,N/A,N/A,N/A,6,33,71,71,80,86,119,97,104,116,94,73,42,17,10,1,N/A,N/A
Flinders Ln - Degraves St (North),N/A,N/A,N/A,N/A,N/A,N/A,2,34,39,55,59,45,70,62,67,47,47,14,0,0,0,0,N/A,N/A
Flinders Ln - Degraves St (Crossing),N/A,N/A,N/A,N/A,N/A,N/A,0,24,44,49,34,35,61,51,33,28,25,15,0,2,0,0,N/A,N/A
Errol Street (East)
Westwood Place
Flinders St - ACMI
Bourke St - Spencer St (South)
Spring St - Flinders St (West)
Macaulay Rd - Bellair St
Harbour Esplanade - Pedestrian Path
Harbour Esplanade - Bike Path
Total,311,251,338,280,343,1095,2494,3596,4557,4552,5412,5977,7517,7831,7419,7266,7339,7119,5316,3175,1452,1173,890,557


Average Hourly Pedestrian Counts for Friday over the past 4 weeks. 
Sensor,Midnight,1am,2am,3am,4am,5am,6am,7am,8am,9am,10am,11am,Noon,1pm,2pm,3pm,4pm,5pm,6pm,7pm,8pm,9pm,10pm,11pm
Bourke Street Mall (North),10,8,4,7,3,11,63,91,146,235,309,389,560,667,649,682,698,607,319,173,80,50,48,27
Bourke Street Mall (South),41,4,5,29,7,8,25,57,90,149,213,295,388,446,430,436,412,304,137,77,65,31,23,12
Melbourne Central,40,48,37,23,24,38,59,78,137,166,213,268,392,411,422,463,499,568,435,279,207,174,130,95
Town Hall (West),16,10,11,11,14,37,78,123,220,301,375,449,584,630,613,654,604,566,356,187,132,85,68,37
Princes Bridge,31,14,11,32,43,71,132,192,286,231,255,289,374,403,368,397,398,450,301,196,145,108,75,52
Flinders Street Station Underpass,19,30,11,6,14,82,190,191,259,203,179,206,286,304,337,352,354,379,288,179,134,117,78,50
Birrarung Marr,3,5,5,4,6,24,67,122,149,100,99,119,157,166,147,178,211,218,128,53,26,28,15,10
Webb Bridge,6,4,3,2,2,16,45,119,139,110,128,179,219,201,209,231,255,269,168,95,49,40,31,19
Southern Cross Station,5,5,4,1,3,31,144,149,190,97,84,75,95,140,122,166,187,182,96,49,38,27,39,11
Victoria Point,4,3,3,2,3,10,24,38,55,54,42,51,60,53,41,54,44,59,47,34,22,27,10,5
Waterfront City,3,2,1,1,3,2,13,27,35,31,41,40,52,50,57,64,74,103,72,57,43,42,23,7
New Quay,10,9,3,2,4,13,40,83,122,106,121,151,193,174,205,204,246,302,231,183,135,110,66,31
Flagstaff Station,N/A,N/A,N/A,N/A,N/A,N/A,N/A,N/A,N/A,N/A,N/A,N/A,N/A,N/A,N/A,N/A,N/A,N/A,N/A,N/A,N/A,N/A,N/A,N/A
Sandridge Bridge,2,N/A,N/A,N/A,1,3,4,4,7,6,4,3,5,6,8,10,5,6,5,3,2,2,1,3
State Library,N/A,N/A,N/A,N/A,N/A,N/A,N/A,N/A,N/A,N/A,N/A,N/A,N/A,N/A,N/A,N/A,N/A,N/A,N/A,N/A,N/A,N/A,N/A,N/A
Collins St (North),35,3,4,12,5,19,38,97,196,224,283,304,402,403,342,339,297,238,147,67,41,26,24,14
Collins Place (South),5,4,2,1,2,34,84,126,193,184,166,186,232,221,183,156,133,144,64,46,26,19,19,8
Collins Place (North),2,1,2,2,1,7,34,88,137,110,97,107,125,126,131,108,126,123,59,19,14,8,14,4
Chinatown-Swanston St (North),13,6,6,2,3,4,12,21,40,62,85,143,185,195,204,220,215,201,200,153,87,73,35,20
Chinatown-Lt Bourke St (South),3,3,3,5,3,4,14,20,34,40,54,74,82,83,96,98,89,80,68,55,41,30,13,10
Bourke St-Russell St (West),N/A,N/A,N/A,N/A,N/A,N/A,N/A,N/A,N/A,N/A,N/A,N/A,N/A,N/A,N/A,N/A,N/A,N/A,N/A,N/A,N/A,N/A,N/A,N/A
Flinders St-Elizabeth St (East),63,45,45,31,46,103,223,341,577,500,537,615,825,920,1015,1122,1160,1264,1023,658,550,433,249,135
Spencer St-Collins St (South),14,8,6,12,2,25,55,103,125,96,84,99,134,155,120,132,145,157,97,75,56,46,33,18
Spencer St-Collins St (North),27,12,15,10,6,104,248,322,415,328,296,281,363,414,481,503,500,537,325,203,150,163,122,66
Melbourne Convention Exhibition Centre,20,23,7,13,14,39,164,278,284,256,246,281,381,441,439,534,510,512,355,191,103,92,57,48
QV Market-Elizabeth St (West),53,34,33,28,31,56,92,140,218,275,389,462,639,604,527,389,275,266,239,185,133,110,86,79
QV Market-Peel St,6,2,3,1,1,5,17,48,82,93,101,105,146,160,142,105,85,80,76,50,31,18,17,8
The Arts Centre,28,10,7,36,50,69,89,142,190,152,166,200,230,241,212,249,248,298,225,130,98,65,31,27
St Kilda Rd-Alexandra Gardens,2,2,1,1,2,5,30,66,70,58,55,87,115,102,123,138,126,131,74,34,22,19,13,12
Lonsdale St (South),17,7,6,11,6,19,31,38,48,58,83,103,149,143,152,147,148,159,148,116,78,59,43,25
Lygon St (West),40,26,5,7,7,27,31,39,55,81,103,114,167,167,126,113,126,123,112,99,103,86,62,51
City Square
Flinders St-Spring St (West),N/A,N/A,N/A,N/A,N/A,N/A,N/A,N/A,N/A,N/A,N/A,N/A,N/A,N/A,N/A,N/A,N/A,N/A,N/A,N/A,N/A,N/A,N/A,N/A
Flinders St-Spark La,1,1,1,1,1,7,27,39,42,36,34,38,49,54,49,50,39,57,31,18,12,15,8,6
Southbank,18,7,5,3,2,18,106,250,285,670,960,833,336,424,353,398,317,363,256,142,105,77,54,26
Queen St (West),2,1,4,5,2,15,28,46,103,108,118,140,188,174,156,128,118,96,67,41,29,33,19,12
Lygon St (East),4,1,1,3,5,11,10,17,52,67,59,98,137,132,55,98,76,69,59,37,25,20,12,5
Alfred Place,3,2,1,1,3,5,15,19,29,47,39,42,72,72,53,38,34,30,11,6,6,5,4,3
Lonsdale St-Spring St (West),1,1,1,2,3,11,19,49,105,101,108,120,154,124,97,103,94,82,49,30,24,17,10,7
Grattan St-Swanston St (West),6,3,3,2,4,6,48,42,46,57,54,69,84,75,64,73,71,74,48,32,21,22,13,7
Monash Rd-Swanston St (West),3,3,3,N/A,1,2,17,30,33,29,34,42,50,56,53,66,66,69,46,25,18,14,10,8
Tin Alley-Swanston St (West),2,2,2,1,1,2,12,17,14,23,19,29,34,36,41,47,50,49,29,14,10,8,3,3
Little Collins St-Swanston St (East),13,6,3,9,4,18,35,84,115,159,187,202,282,328,306,340,293,276,197,105,62,49,27,22
Flinders La-Swanston St (West),41,19,21,10,33,100,253,316,460,513,513,538,644,700,690,720,734,733,467,256,204,149,115,73
Pelham St (South),7,3,2,1,1,3,8,22,27,31,39,38,41,59,50,57,42,47,30,22,15,15,9,4
Melbourne Central-Elizabeth St (East),48,27,25,30,26,51,98,121,231,293,310,396,500,585,607,646,694,577,403,243,179,138,102,58
QVM-Queen St (East),11,5,3,3,4,13,36,65,96,142,147,172,228,268,221,189,127,109,92,71,66,28,21,13
QVM-Therry St (South),52,33,38,40,32,37,48,69,64,110,151,144,222,211,176,145,97,100,101,117,122,84,70,81
Faraday St-Lygon St (West),2,3,3,2,4,6,8,25,60,102,142,162,184,174,151,189,149,125,78,62,49,33,16,7
QVM-Franklin St (North),14,4,4,3,8,17,48,41,68,79,80,87,143,141,119,132,109,107,85,54,47,31,27,27
Elizabeth St-Lonsdale St (South),7,6,2,3,3,10,19,30,57,61,90,105,144,174,166,160,174,136,104,66,52,33,16,7
Lincoln-Swanston (W),1,1,1,1,N/A,1,4,2,3,6,6,7,4,3,5,2,8,8,7,3,4,1,3,2
Elizabeth St-La Trobe St (East)
Lonsdale St - Elizabeth St (North),4,4,4,2,2,10,50,79,77,81,128,117,156,161,161,153,150,150,127,87,46,46,26,12
Bourke St Bridge,4,1,2,1,1,15,42,59,87,58,70,68,102,109,95,105,108,120,78,51,30,19,17,9
Bourke St - Spencer St (North),19,10,11,4,10,51,104,185,257,196,146,173,223,254,250,272,296,321,201,122,90,82,70,33
RMIT Bld 80 - 445 Swanston Street,N/A,N/A,N/A,N/A,N/A,N/A,N/A,7,23,28,51,54,85,78,74,76,68,25,N/A,N/A,N/A,N/A,N/A,N/A
Flinders La-Swanston St (West) Temporary,N/A,N/A,N/A,N/A,N/A,N/A,N/A,N/A,N/A,N/A,N/A,N/A,N/A,N/A,N/A,N/A,N/A,N/A,N/A,N/A,N/A,N/A,N/A,N/A
RMIT Building 14,8,4,5,4,6,16,32,65,71,97,130,125,166,182,191,215,192,199,129,86,59,53,34,24
380 Elizabeth St,54,39,30,36,31,107,218,154,242,281,368,460,600,646,781,876,843,824,686,481,334,301,181,134
La Trobe St (North),N/A,N/A,N/A,N/A,N/A,N/A,N/A,N/A,N/A,N/A,N/A,N/A,N/A,N/A,N/A,N/A,N/A,N/A,N/A,N/A,N/A,N/A,N/A,N/A
231 Bourke St,11,7,7,5,9,15,27,52,92,116,127,194,271,222,209,213,206,165,136,90,67,47,39,13
Royal Pde - Grattan St,3,3,4,3,1,10,49,97,107,102,117,94,117,153,136,131,133,134,86,48,21,25,13,6
Swanston St - City Square,4,6,2,1,4,13,40,65,111,92,86,106,106,160,176,186,182,171,125,62,44,34,25,7
State Library - New,12,7,9,3,4,12,25,51,94,126,211,264,367,404,449,522,539,530,375,229,157,109,84,29
Flinders Ln - Degraves St (South),N/A,N/A,N/A,N/A,N/A,N/A,9,68,120,125,126,146,219,189,183,178,181,137,78,60,32,13,N/A,N/A
Flinders Ln - Degraves St (North),N/A,N/A,N/A,N/A,N/A,N/A,4,38,61,71,81,85,121,111,101,111,80,30,0,0,0,0,N/A,N/A
Flinders Ln - Degraves St (Crossing),N/A,N/A,N/A,N/A,N/A,N/A,2,53,143,130,107,109,168,131,120,119,107,52,1,1,0,0,N/A,N/A
Errol Street (East)
Westwood Place
Flinders St - ACMI
Bourke St - Spencer St (South)
Spring St - Flinders St (West)
Macaulay Rd - Bellair St
Harbour Esplanade - Pedestrian Path
Harbour Esplanade - Bike Path
Total,873,537,440,471,511,1448,3487,5400,7874,8443,9646,10932,13737,14616,14239,14982,14547,14291,9977,6307,4541,3589,2453,1522


Average Hourly Pedestrian Counts for Friday over the past 52 weeks. 
Sensor,Midnight,1am,2am,3am,4am,5am,6am,7am,8am,9am,10am,11am,Noon,1pm,2pm,3pm,4pm,5pm,6pm,7pm,8pm,9pm,10pm,11pm
Bourke Street Mall (North),86,55,38,30,23,27,93,249,603,773,1106,1552,2315,2506,2177,2190,2320,2645,2225,1677,1336,888,526,301
Bourke Street Mall (South),65,36,31,33,15,18,56,163,406,558,876,1242,1980,2151,1732,1674,1700,1751,1346,935,704,402,256,174
Melbourne Central,255,154,104,83,51,66,131,231,469,512,712,986,1557,1613,1475,1533,1651,1978,2042,1788,1690,1651,1289,937
Town Hall (West),171,86,52,40,41,72,163,365,730,881,1260,1642,2269,2467,2208,2183,2284,2530,2196,1647,1434,1240,950,694
Princes Bridge,181,75,44,52,62,114,280,657,1211,915,955,1179,1500,1552,1478,1570,1800,2413,2117,1641,1264,1440,1437,807
Flinders Street Station Underpass,192,93,54,39,52,180,628,1148,2391,1428,971,1104,1661,1725,1591,1819,2364,3080,2095,1443,1198,1120,989,724
Birrarung Marr,20,7,6,6,7,27,95,235,365,263,270,273,328,343,267,280,380,644,908,782,467,424,751,378
Webb Bridge,11,5,2,2,3,25,78,207,308,210,180,227,475,408,260,259,363,422,273,179,128,96,65,51
Southern Cross Station,18,11,7,5,6,66,374,1187,2204,1399,534,511,995,853,630,877,1720,1913,829,333,184,131,114,80
Victoria Point,9,5,3,3,2,16,66,225,371,295,174,173,314,263,174,206,360,418,214,119,80,62,55,49
Waterfront City,7,4,2,3,2,4,18,40,60,41,41,51,79,76,54,55,66,89,82,70,69,54,42,25
New Quay,23,12,6,5,4,15,63,159,245,186,166,200,308,288,224,212,255,374,367,312,260,211,176,115
Flagstaff Station,N/A,N/A,N/A,N/A,N/A,N/A,N/A,N/A,N/A,N/A,N/A,N/A,N/A,N/A,N/A,N/A,N/A,N/A,N/A,N/A,N/A,N/A,N/A,N/A
Sandridge Bridge,68,28,20,13,26,70,174,357,726,436,359,384,478,486,462,546,748,1004,673,475,418,392,363,309
State Library,136,73,44,32,22,34,83,251,576,598,759,1004,1559,1707,1560,1601,1770,2244,2006,1697,1585,1372,991,576
Collins St (North),60,36,22,18,16,39,127,314,625,737,902,1118,1610,1685,1330,1204,1183,1230,880,561,410,301,251,181
Collins Place (South),32,14,10,9,8,59,173,490,1153,845,568,541,960,942,626,555,557,721,433,257,212,150,172,105
Collins Place (North),18,9,8,4,3,24,115,438,973,600,362,338,448,446,405,426,677,855,402,181,116,88,105,63
Chinatown-Swanston St (North),120,76,41,26,15,13,28,57,120,141,249,408,737,750,638,624,657,847,1006,1023,938,800,627,406
Chinatown-Lt Bourke St (South),137,70,46,48,28,19,25,67,130,145,213,336,615,584,404,390,373,534,735,815,773,612,573,354
Bourke St-Russell St (West),246,176,137,109,77,57,70,137,273,289,424,591,1110,1131,832,788,870,1058,1100,1016,952,846,766,610
Flinders St-Elizabeth St (East),296,186,128,100,86,155,531,1029,1900,1516,1521,1750,2327,2449,2251,2410,2809,3211,2599,1988,1691,1558,1307,954
Spencer St-Collins St (South),48,25,21,20,14,43,173,453,894,583,401,424,758,703,460,450,605,755,427,259,194,173,166,120
Spencer St-Collins St (North),131,50,34,26,30,230,685,1450,2554,1780,1236,1227,1775,1760,1532,1795,2474,2863,1804,1099,769,707,650,512
Melbourne Convention Exhibition Centre,108,76,47,33,33,90,305,680,1091,829,842,969,1327,1441,1409,1554,1684,1897,1575,1143,928,840,607,453
QV Market-Elizabeth St (West),125,90,68,49,41,65,139,253,496,585,746,923,1306,1245,919,755,601,602,542,470,409,359,283,221
QV Market-Peel St,19,11,6,4,6,12,32,78,140,151,180,203,251,247,204,187,176,188,170,131,111,96,80,55
The Arts Centre,80,36,28,46,60,107,280,667,1223,831,831,991,1249,1260,1192,1236,1345,1773,1610,1406,701,931,1045,406
St Kilda Rd-Alexandra Gardens,30,20,10,7,6,21,71,163,239,203,254,318,427,468,414,395,416,504,477,388,335,295,279,198
Lonsdale St (South),181,134,81,62,38,38,58,116,239,217,267,368,657,668,523,553,615,813,868,855,781,759,706,554
Lygon St (West),55,28,13,10,12,21,40,60,113,123,152,183,278,302,246,222,228,284,351,418,487,500,395,263
City Square
Flinders St-Spring St (West),27,5,5,3,6,16,78,215,519,420,228,228,335,288,221,241,417,521,410,314,190,200,360,183
Flinders St-Spark La,19,7,5,4,5,24,53,96,195,180,165,166,251,273,232,199,212,254,189,135,136,137,188,117
Southbank,133,58,30,21,25,95,438,742,1364,972,931,1067,1822,1728,1354,1402,1569,2099,1816,1462,1200,1108,1032,698
Queen St (West),49,34,20,16,12,21,59,157,408,368,342,370,688,699,446,389,431,550,389,283,252,248,299,287
Lygon St (East),20,10,6,6,7,10,12,37,91,99,112,155,251,245,179,158,156,185,206,233,260,240,172,90
Alfred Place,18,9,6,4,6,12,61,185,436,437,323,331,776,718,370,261,309,356,213,139,89,84,66,44
Lonsdale St-Spring St (West),22,11,8,7,6,19,64,194,488,391,364,398,642,601,423,373,415,484,368,288,196,176,285,105
Grattan St-Swanston St (West),24,21,20,16,16,21,44,90,230,251,300,386,473,512,384,396,341,370,245,164,117,102,75,50
Monash Rd-Swanston St (West),13,6,4,3,2,4,18,62,212,221,192,220,290,288,200,228,235,261,174,113,81,59,42,32
Tin Alley-Swanston St (West),9,4,3,2,2,2,13,31,78,78,80,90,102,105,83,105,103,119,81,60,43,33,25,18
Little Collins St-Swanston St (East),117,62,35,26,26,41,111,312,603,559,670,855,1363,1504,1239,1207,1268,1521,1321,1052,993,935,754,473
Flinders La-Swanston St (West),187,97,65,54,66,175,414,834,1468,1435,1589,1814,2204,2341,2225,2300,2483,2798,2313,1726,1404,1296,1154,793
Pelham St (South),11,5,3,3,2,5,17,47,116,123,108,110,182,194,128,115,115,139,93,61,45,42,28,19
Melbourne Central-Elizabeth St (East),136,87,61,51,42,66,159,350,702,744,858,1092,1558,1684,1440,1471,1596,1789,1418,1062,923,787,541,381
QVM-Queen St (East),26,15,10,7,7,23,53,117,213,264,330,384,496,498,427,379,289,273,235,189,160,132,110,76
QVM-Therry St (South),73,63,51,40,26,30,57,83,120,163,224,278,382,351,258,207,151,126,129,126,119,108,102,96
Faraday St-Lygon St (West),16,8,4,3,6,8,19,64,139,184,247,304,400,409,363,339,345,414,462,464,428,338,260,101
QVM-Franklin St (North),31,19,12,9,8,17,44,60,109,130,151,182,254,241,205,188,162,169,155,136,109,96,79,60
Elizabeth St-Lonsdale St (South),70,39,26,16,10,14,40,123,363,311,326,408,670,709,569,535,558,666,597,518,457,424,333,290
Lincoln-Swanston (W),23,18,9,7,5,6,34,55,141,136,150,175,237,244,196,230,199,274,191,139,111,103,75,51
Elizabeth St-La Trobe St (East)
Lonsdale St - Elizabeth St (North),37,23,14,11,9,16,69,116,262,267,306,364,549,584,453,439,454,565,494,397,341,276,210,146
Bourke St Bridge,17,9,6,4,5,46,273,955,2075,1324,551,529,1140,923,554,654,1266,1689,1009,618,204,244,553,416
Bourke St - Spencer St (North),88,50,37,19,19,86,266,748,1399,1014,747,840,1190,1165,895,976,1333,1628,1053,672,461,401,393,338
RMIT Bld 80 - 445 Swanston Street,4,4,4,2,4,2,22,50,182,172,219,226,289,257,249,232,233,241,213,132,49,16,15,10
Flinders La-Swanston St (West) Temporary,236,105,61,58,75,209,409,1067,2031,1862,2136,2537,3144,3565,3246,3148,3656,4538,4401,3313,2808,2708,2627,1901
RMIT Building 14,54,34,21,16,15,28,75,179,457,456,529,547,824,780,698,675,701,750,643,476,395,341,255,159
380 Elizabeth St,213,139,107,75,56,102,252,387,701,686,712,855,1198,1293,1210,1283,1402,1575,1444,1229,1105,988,771,542
La Trobe St (North),N/A,N/A,N/A,N/A,N/A,N/A,N/A,N/A,N/A,N/A,N/A,N/A,N/A,N/A,N/A,N/A,N/A,N/A,N/A,N/A,N/A,N/A,N/A,N/A
231 Bourke St,N/A,N/A,N/A,N/A,N/A,N/A,N/A,N/A,N/A,N/A,N/A,N/A,N/A,N/A,N/A,N/A,N/A,N/A,N/A,N/A,N/A,N/A,N/A,N/A
Royal Pde - Grattan St,N/A,N/A,N/A,N/A,N/A,N/A,N/A,N/A,N/A,N/A,N/A,N/A,N/A,N/A,N/A,N/A,N/A,N/A,N/A,N/A,N/A,N/A,N/A,N/A
Swanston St - City Square,N/A,N/A,N/A,N/A,N/A,N/A,N/A,N/A,N/A,N/A,N/A,N/A,N/A,N/A,N/A,N/A,N/A,N/A,N/A,N/A,N/A,N/A,N/A,N/A
State Library - New,N/A,N/A,N/A,N/A,N/A,N/A,N/A,N/A,N/A,N/A,N/A,N/A,N/A,N/A,N/A,N/A,N/A,N/A,N/A,N/A,N/A,N/A,N/A,N/A
Flinders Ln - Degraves St (South),N/A,N/A,N/A,N/A,N/A,N/A,N/A,N/A,N/A,N/A,N/A,N/A,N/A,N/A,N/A,N/A,N/A,N/A,N/A,N/A,N/A,N/A,N/A,N/A
Flinders Ln - Degraves St (North),N/A,N/A,N/A,N/A,N/A,N/A,N/A,N/A,N/A,N/A,N/A,N/A,N/A,N/A,N/A,N/A,N/A,N/A,N/A,N/A,N/A,N/A,N/A,N/A
Flinders Ln - Degraves St (Crossing),N/A,N/A,N/A,N/A,N/A,N/A,N/A,N/A,N/A,N/A,N/A,N/A,N/A,N/A,N/A,N/A,N/A,N/A,N/A,N/A,N/A,N/A,N/A,N/A
Errol Street (East)
Westwood Place
Flinders St - ACMI
Bourke St - Spencer St (South)
Spring St - Flinders St (West)
Macaulay Rd - Bellair St
Harbour Esplanade - Pedestrian Path
Harbour Esplanade - Bike Path
Total,4601,2623,1746,1400,1257,2825,8308,19282,37930,31317,30401,36127,53363,54718,45924,46679,53450,63994,52614,40609,33300,30120,26820,18151
